5003	21.005805, 75.495424
5004	21.003122, 75.548788
5103	20.920127, 74.780681
5104	21.015434, 75.502535
5105	20.966923, 75.554996
5106	21.006766, 75.552697
5107	20.961492, 75.551292
5108	20.009533, 73.766553
5109	19.963013, 73.667954
5121	20.013496, 73.821569
5124	20.090254, 74.454656
5125	19.896047, 73.912033
5130	19.950433, 73.575847
5139	19.581713, 74.447347
5151	20.041049, 73.850872
5160	19.902504, 74.494254
5161	19.181529, 74.689806
5162	19.614415, 74.184535
5164	21.571723, 74.484162
5167	20.920593, 74.767510
5168	21.174242, 75.838773
5169	22.901380, 75.976035
5170	21.049621, 75.829313
5171	21.004732, 75.597893
5172	21.361957, 74.878812
5173	20.335619, 74.236776
5176	21.105475, 79.003521
5177	20.496707, 74.012846
5179	19.059672, 74.817631
5181	20.003952, 73.759218
5182	19.944512, 73.600404
5183	19.100969, 74.670081
5184	19.817778, 73.829839
5303	18.6172385,74.696281
5322	28.561984, 77.279431
5330	18.490410, 73.852437
5331	19.962744, 73.667873
5380	19.39041,74.0967999
5381	21.314758, 74.570452
5382	19.101019, 74.670027
5384	19.7124194,74.4825517
5390	20.0044887,73.7690794
5396	21.006173, 75.495267
5399	20.069718,73.838598
5401	20.008371, 73.769992
5408	19.276242, 74.151191
5409	11.828069, 79.781732
5411	20.5323655,74.522388
5412	21.011009,75.4898585
5418	19.957910, 73.777744
