1002	20.958569, 77.758040
1005	20.926118, 77.764215
1101	20.782655, 76.678087
1105	20.854490, 77.752739
1107	20.987972, 77.758398
1108	20.986424, 77.758653
1114	20.881135, 77.747468
1116	20.704986, 77.093276
1117	19.893057, 77.543715
1119	20.357626, 76.223736
1120	20.382913, 78.079587
1121	20.927014, 77.743103
1122	20.394713, 78.113356
1123	20.904899, 77.506030
1124	20.845447, 77.758027
1125	20.519263, 76.173964
1126	20.959691, 77.501871
1127	20.380014, 78.131681
1128	20.857224, 77.749868
1129	20.804462, 78.138859
1130	20.439365, 76.223502
1180	20.180564, 77.056807
1182	20.898043, 76.201472
1251	20.654382, 76.986437
1265	20.762530, 76.649980
1267	20.837369, 77.690110
1268	20.736897, 76.615602
1276	20.690037, 76.780271
