3012	19.022624, 72.855617
3014	19.123748, 72.835998
3033	18.170086, 73.338752
3035	19.086718, 72.830502
3036	19.024342, 72.858445
3124	18.971747, 73.327637
3135	19.121764, 72.823653
3139	19.021742, 72.870626
3146	19.016775, 72.830124
3147	18.971019, 73.327333
3148	19.047380, 72.911676
3154	19.035767, 73.058986
3174	19.033571, 73.018009
3175	18.990780, 73.128039
3176	19.206526, 72.874557
3181	19.074025, 72.900553
3182	19.064778, 72.835881
3183	18.968860, 72.830955
3184	19.050335, 72.833246
3185	19.045710, 72.889584
3187	19.160104, 72.995798
3188	19.050691, 72.878381
3189	19.029662, 73.042361
3190	19.017916, 72.856161
3191	17.475240, 73.613774
3192	19.099065, 73.000744
3193	19.197930, 73.108263
3194	19.384492, 72.828806
3196	19.017874, 72.856110
3197	19.075697, 72.996991
3198	18.916263, 73.343109
3199	19.107746, 72.837198
3200	17.011500, 73.337721
3201	19.067059, 72.825763
3202	17.049449, 73.570423
3203	19.198076, 72.826965
3204	19.200052, 72.845779
3206	16.266549, 73.743770
3207	19.012006, 73.124650
3208	19.081643, 72.889084
3209	19.046374, 72.871364
3210	19.180314, 72.980226
3211	19.043053, 73.022951
3212	19.001561, 72.813076
3214	19.045292, 72.841660
3215	19.123733, 72.835955
3216	17.650412, 73.464242
3217	19.446960, 73.315633
3218	19.707391, 72.784994
3219	19.4499109,73.3680885
3220	18.966388, 73.346901
3221	19.474161, 72.857846
3222	19.782227, 72.787514
3223	18.8942888,73.1762516
3224	19.061833, 73.312273
3351	19.149091, 73.276781
3353	19.0349593,73.3025944
3423	19.300412, 72.876160
3436	19.119209, 73.312480
3439	19.555806, 73.250211
3440	18.503291, 73.924686
3445	19.555806, 73.250061
3447	19.076735, 72.878458
3460	19.118935, 72.938971
3462	19.199525, 72.981543
3465	19.670231, 73.064269
3467	18.820544, 73.270270
