2008	19.866391, 75.361552
2020	19.112308, 77.294265
2111	19.880585, 75.342991
2112	19.817531, 75.329971
2113	19.850630, 75.323141
2114	19.863944, 75.320240
2116	19.089046, 77.254556
2126	19.866502, 75.361477
2127	19.180034, 77.325676
2128	19.180125, 77.325708
2129	18.407125, 76.521717
2130	18.145663, 76.061492
2131	17.999252, 76.074998
2132	19.880076, 75.356457
2133	18.723233, 76.373145
2134	19.883867, 75.316451
2135	18.530198, 73.849957
2136	18.993897, 75.782911
2137	18.842444, 76.518673
2138	19.817551, 75.330035
2139	19.901069, 75.228189
2141	19.860579, 75.377286
2144	18.406685, 77.102807
2145	19.760206, 77.155202
2146	17.834248, 75.622689
2250	19.866711, 75.323426
2252	19.256165, 76.781731
2254	18.395808, 76.484478
2255	18.704372, 76.940271
2515	19.798170, 75.407158
2516	19.826340, 75.239970
2521	19.783479, 75.194174
2522	18.426357, 76.640292
2529	18.219748, 76.061346
2533	19.831860, 75.288351