6004	18.530393, 73.856303
6005	17.308729, 74.184849
6006	18.528024, 73.853333
6122	18.499100, 73.773912
6138	18.577201, 73.977460
6139	18.530495, 73.856228
6141	18.590209, 73.976287
6144	18.554017, 73.883193
6145	18.472632, 73.937105
6146	18.673868, 73.891318
6148	18.520270, 73.793222
6149	18.759986, 73.755067
6151	18.512028, 73.819697
6155	18.575264, 73.982203
6156	18.490877, 73.809560
6160	18.578137, 73.968941
6175	18.655776, 73.759216
6176	18.574298, 73.982375
6177	18.468188, 73.835713
6178	18.463299, 73.836084
6179	18.724052, 73.659034
6182	18.460474, 73.881507
6183	18.657484, 74.059592
6184	18.426840, 73.904957
6185	18.730645, 73.431019
6187	18.443334, 73.895302
6203	18.612231, 73.941155
6206	18.503570, 73.952773
6207	18.620299, 73.820911
6214	17.115676, 74.191596
6215	16.752932,74.44852
6217	16.920466, 74.300526
6219	17.723398, 75.855222
6220	17.655543, 75.369262
6222	16.682271, 74.470157
6223	17.719614, 75.918596
6250	16.732265, 74.240546
6265	17.669095, 75.922265
6267	16.653779, 74.263525
6268	16.855578, 74.198422
6269	16.912472, 74.605332
6270	17.690622, 74.015191
6271	18.458723, 73.851790
6272	18.652700, 73.780171
6273	18.463843, 73.868089
6274	18.490377, 73.852526
6275	18.13222,74.49841
6276	18.486676, 73.815974
6277	16.766614, 74.566295
6278	18.531411, 73.866325
6281	18.533785, 73.879661
6282	18.531071, 73.847401
6283	16.940977, 74.417894
6284	18.175647, 74.614735
6285	18.459731, 73.858109
6288	16.652530, 74.250334
6289	18.520598, 73.856723
6293	17.665130, 75.804697
6298	18.449166, 73.826291
6302	18.451106, 73.826460
6303	17.316101, 74.195352
6304	17.2632853,74.7167944
6305	17.784881, 73.965819
6307	18.555274, 73.961358
6308	17.613997, 75.890771
6310	18.539582, 73.854912
6311	18.477562, 73.935936
6313	17.184697, 74.252161
6315	16.810483, 74.102160
6317	16.708080, 74.479408
6318	18.166318, 73.883872
6319	18.149707, 74.977154
6320	18.426189, 73.904950
6321	17.602862, 75.877887
6322	19.249093, 74.016457
6323	18.755633, 73.668500
6324	18.142936, 73.841680
6325	18.612785, 73.715496
6326	17.742765, 75.240818
6545	17.664750, 74.065082
6602	18.0609318,75.7992231
6609	19.162899, 73.914728
6618	17.8628187,74.9057259
6620	18.755623, 73.668532
6621	18.709414,74.0594
6622	18.545938, 73.756537
6625	18.382374, 73.846799 
6628	18.1631428,74.9617153
6629	16.613525, 74.303509
6632	18.269196, 73.883324
6634	18.421072, 73.905866
6635	19.118693, 74.172005
6640	18.468239, 73.835713
6643	18.472821, 73.836940
6644	16.837996, 74.624084
6649	18.442355, 73.831871
6732	18.620208, 73.820890 
6754	18.585163, 73.737584 
6755	18.441878, 73.832267 
6756	17.4309774,75.1804334,
6757	17.721631, 74.020864
6758	19.136995, 74.149125
6759	18.598910, 74.020729
6762	17.049616, 74.233824
6766	17.96494,74.4055899
6767	18.989333, 73.331830
6768	18.736721, 73.873185
6769	18.489841, 73.791062
6770	18.730614, 73.431040 
6771	18.320481, 73.837403 
6772	18.467544, 73.836614 
6780	18.751919, 73.669072 
6781	18.263928, 75.695898 
6782	17.862192,75.00514
6786	18.620785, 73.912406 
6787	18.755613, 73.668521 
6794	18.491046, 73.843663
6795	18.110938, 74.280426 
6796	18.523796, 73.702169 
6797	17.648689, 73.921530 
6802	18.654928, 73.772739
6803	20.782504, 76.678087 
6804	17.033669, 74.293414 
6805	16.797480, 74.246035 
6808	18.447750, 73.937271
6809	16.918916, 74.710200
6815	18.770507, 73.401384 
