4004	19.922217, 79.319194
4005	21.146377, 79.048176
4104	21.386599, 79.304973
4115	21.177824, 79.061324
4116	21.105395, 79.003521
4118	20.734699, 78.668374
4123	21.099464, 79.015158
4133	21.102479, 79.151144
4134	21.148568, 79.071567
4135	21.021725, 79.130474
4136	14.395574, 79.982658
4137	21.213465, 78.973343
4138	21.241855, 78.984342
4139	21.247912, 79.050670
4140	20.9295967,79.0022589
4141	21.1461121,79.3996525
4142	21.105485, 79.003563
4143	21.135885,79.6869899
4144	21.221326, 78.990508
4145	20.995313, 79.028863
4146	20.874479, 79.298315
4147	21.140407, 79.129793
4151	20.960563, 79.014959
4163	19.931916, 79.308816
4165	21.486879, 80.176009
4167	21.095467, 78.978495
4171	21.099434, 79.015083
4172	21.165178, 79.080459
4173	21.125713, 79.049732
4174	21.190521, 79.057545
4175	20.744862, 78.587232
4177	21.120514, 79.125623
4178	21.093398, 78.979886
4179	21.103533, 79.004811
4180	21.1366822,79.091122
4181	21.244623, 78.851889
4184	20.703610, 78.615042
4185	20.693965, 78.626672
4186	20.706368, 78.569647
4187	21.094131, 78.974986
4188	17.1854644,74.5794224
4189	20.1853225,80.0141724
4190	20.082857, 79.156279
4191	21.234557, 79.053045
4192	18.553261, 73.897024
4193	21.153686, 79.067726
4194	20.786856, 78.658622
4195	20.960664, 79.014863
4196	21.148618, 79.071524
4197	20.744802, 78.587190
4285	20.989404, 79.049731
4302	21.156451, 79.575189
4303	21.105435, 79.003531
4304	21.124442, 79.002052
4305	21.124382, 79.002052
4308	20.744822, 78.587243
4613	21.0970828,79.1224167
